-59
26
-14
-80
-57
42
-41
49
-42
33
-80
-24
-62
-100
-1
74
-41
-43
19
20
4
-38
-7
2
-9
40
2
82
-24
56
-45
16
-22
-19
18
81
-67
66
-100
39
-84
39
50
90
75
65
63
-82
2
-46
86
-48
-79
-5
42
-21
56
-48
0
-47
60
-52
-59
-23
50
15
33
-39
57
-52
29
-31
20
10
17
-1
28
61
-26
76
52
-53
-13
-89
39
-84
-62
6
-39
-92
-12
5
62
22
57
38
36
-100
43
-25
-88
-69
12
59
61
-50
45
-60
-100
-28
-23
-99
-15
-62
-22
37
-33
-21
91
-68
-33
-81
-65
-11
-6
21
-29
26
68
-58
31
-16
90
-39
19
5
6
-8
52
-17
68
36
-94
-91
1
84
-66
-17
-79
28
-30
70
5
23
26
-20
-78
-86
58
-71
-71
66
75
-91
-86
80
47
97
97
-65
-44
78
25
-78
-65
40
-42
19
-84
64
2
-98
-76
-79
76
18
28
68
7
-19
-8
-24
58
49
8
-85
54
45
-42
-17
64
-93
43
-21
20
-34
-94
-71
-41
-69
-2
-78
-73
-82
74
-27
81
-24
-53
-43
52
-24
24
80
-100
-87
-50
46
-67
-58
-8
22
-18
-98
-91
-60
-93
-91
56
-58
-78
-14
-74
33
54
-68
-43
32
39
65
4
98
-75
-1
-84
6
8
-61
-39
20
-86
95
75
-23
19
-27
-90
42
-71
3
-29
-56
28
100
-89
45
-4
11
-1
78
70
13
-96
-12
-25
91
-70
-89
23
-22
-73
-64
97
-91
-47
25
-86
29
24
-54
-28
-68
-8
-75
-28
-9
-78
100
-22
35
63
-31
-83
-19
70
-81
12
-59
-47
-15
-52
-62
44
-31
26
84
-22
-93
-25
97
-14
-2
-6
-17
27
80
-46
81
-76
-28
83
-99
66
-90
62
12
90
-39
-37
-13
60
58
-59
-60
-3
-81
26
-94
53
66
45
40
-18
97
-54
73
-84
56
-96
87
67
81
-91
1
23
93
-18
7
-27
71
3
76
92
-38
9
32
-13
-24
-13
65
-92
-7
70
-18
27
-3
8
-49
88
-23
63
8
-98
52
-79
70
34
3
24
33
50
36
16
-46
-80
-41
-8
-43
-74
98
85
-26
-66
-75
-28
-68
-18
54
53
80
46
86
54
42
25
-47
-18
-1
24
84
-91
44
-42
83
74
89
-66
-30
-99
-45
98
22
87
-65
-96
-36
49
-61
-80
11
30
24
-51
17
59
53
77
-47
-86
-9
76
-19
-73
-33
-83
-100
-7
-24
-99
13
-53
45
98
-24
-87
-13
-39
85
78
-11
-96
-27
82
72
-96
-55
-52
90
58
-59
-43
1
99
-28
-39
-50
87
-55
-15
-50
78
-33
94
86
1
12
55
-47
56
79
-11
86
-33
-28
-32
86
-38
66
18
-59
41
13
-95
33
48
-32
33
-79
-20
9
5
88
77
52
2
-1
50
-98
55
90
-30
-31
3
60
-35
-34
-29
-49
-70
20
28
95
81
-3
35
34
79
-85
-11
46
11
-3
-3
14
95
-84
84
57
-47
18
43
-78
48
-50
23
-2
64
49
-29
44
35
94
-100
-31
10
50
-25
52
95
22
0
-53
-20
21
-58
93
-52
-47
-16
69
99
-86
31
17
-100
30
-8
-33
-87
8
-98
56
-21
-60
58
73
-22
-98
-73
8
-86
-47
-35
-42
75
77
-80
-23
42
13
86
85
-24
63
-98
-65
-41
8
-42
-1
95
32
49
23
-63
24
90
21
41
-37
-64
-31
11
23
62
-62
85
55
-44
93
-23
10
-38
66
-49
-67
9
-87
-54
-50
6
-76
-25
-69
27
-6
-78
48
-67
71
0
39
-6
76
-25
-51
99
63
-36
12
13
-25
-65
41
86
71
-51
-88
-39
44
29
-56
-45
49
-85
18
15
-47
52
42
24
-81
-25
-9
60
88
30
-13
-17
-35
-55
-40
-26
73
-19
-59
-46
-91
-69
95
-74
-55
-44
-33
74
-16
-14
-91
-56
-1
53
-17
11
-25
-69
89
11
-41
38
-81
19
-67
2
-62
-88
-33
-67
95
-62
13
-42
-23
48
-7
-48
-7
-34
38
21
-42
-22
-64
-18
71
35
-59
33
48
-75
-29
15
-18
-34
15
-42
6
74
-67
-67
63
10
-35
76
34
79
-38
-89
-39
-80
-100
35
-100
52
-95
8
-35
-42
-91
-21
-51
77
23
53
58
-76
80
-18
55
-25
-23
51
-62
21
29
46
27
17
-32
42
58
88
4
-89
98
-24
85
40
81
-8
94
-60
-56
75
88
10
-18
28
-85
57
-13
68
-51
95
80
78
-50
-75
68
-4
-61
85
-91
91
-8
12
57
-83
-42
-82
56
59
-76
60
-37
-10
63
23
-68
-83
-45
59
32
12
-49
-38
21
-90
-54
21
-68
19
-45
52
-41
83
-51
76
45
42
-57
-46
83
-39
69
-47
-36
-24
-8
-2
60
-100
75
-91
34
81
-4
46
-11
29
60
99
93
57
-15
-9
-91
-1
-63
78
-10
-38
80
-22
-72
17
-100
57
97
1
52
-92
64
23
-11
-11
71
-71
53
-19
-21
77
-49
29
-60
-58
-77
-38
-61
-1
-21
32
31
-19
45
34
7
96
86
13
-25
76
15
-4
26
16
-79
43
-40
78
-46
94
-35
-28
40
27
48
-32
31
-5
6
80
94
-33
58
-81
-29
-74
49
-61
9
37
-67
24
17
66
-100
29
90
9
-93
20
15
49
9
-20
-49
-66
-74
-28
-9
6
33
-82
-30
-94
86
-75
-40
-9
21
-61
14
-100
91
50
23
-65
-8
-69
-23
-15
40
16
85
-78
-17
0
-78
-39
-4
87
51
85
-3
-33
-77
53
28
63
99
12
67
-11
85
37
-71
90
12
81
41
-2
35
46
46
16
-22
-53
-94
-77
-55
12
-42
52
-64
-23
-21
-27
83
41
66
-64
63
66
40
-13
55
-71
-97
-7
-47
-29
-73
100
39
-10
100
35
74
100
-74
-3
45
-37
9
20
-19
70
78
99
76
-65
-66
22
97
-69
-30
-36
65
93
19
50
28
-31
-1
-42
-34
-7
-58
-89
65
-46
-46
58
83
-49
-10
69
43
-43
-4
-6
1
81
-83
-55
-20
18
18
-90
24
14
-34
47
-3
-79
97
-67
68
13
25
94
-35
44
-17
-5
7
-3
52
43
-61
-90
-100
-65
33
79
48
-9
55
-79
-46
67
-2
62
-47
-67
-58
-1
19
-65
-2
-69
-1
-91
4
91
73
-44
27
-15
-52
-49
18
-64
0
64
-6
82
60
-12
-93
-4
39
-11
-58
86
86
30
-21
97
67
50
74
-20
27
19
-13
7
-12
60
13
-70
86
-94
43
-79
79
24
-79
46
46
98
-9
27
67
89
-57
13
-38
22
-41
-78
-97
-91
-35
-63
-11
43
1
-12
-86
-90
-58
-69
8
-41
71
87
-82
-15
82
-27
-33
-71
81
12
80
-88
-31
-53
-24
-67
52
-47
71
61
-40
51
66
0
-22
-35
-83
65
-74
-27
54
61
-63
10
8
-49
8
-6
0
-55
-12
-85
-9
52
-75
-44
-79
-21
12
-29
-61
81
86
53
60
95
86
93
-38
58
-29
56
-77
91
32
-38
0
-89
66
-69
-4
2
13
-19
-23
-97
-95
-47
83
88
-73
-6
32
21
3
-18
62
7
14
-56
16
-36
-59
74
7
97
-56
83
2
73
44
-37
-70
-93
-17
7
83
97
-10
46
-100
25
73
73
-96
-61
-78
-20
68
59
50
-81
67
-31
76
-42
-88
77
53
-8
-20
-77
64
15
-31
-95
13
32
-81
27
41
-32
-30
23
8
83
68
69
-1
51
15
-81
-20
-40
68
15
-99
95
-14
78
6
-39
-46
-12
66
29
48
-99
-25
-49
84
-89
4
-43
-18
88
-59
13
-72
81
-42
-21
-19
-47
56
56
81
-47
-34
-69
14
-39
-59
-27
-39
15
-87
46
79
23
-44
-82
-9
42
68
-70
34
-14
93
-78
13
79
11
-42
91
-75
-91
-43
18
-42
-11
60
-77
69
27
64
3
-40
70
-4
-59
-5
-29
58
42
45
-84
-71
-97
36
19
79
-13
17
-63
-29
31
6
-37
99
-63
-49
62
-80
-67
9
75
28
43
57
-56
-82
-52
93
-25
35
-81
-26
-31
31
80
-78
-39
88
75
-3
-73
34
93
-43
92
25
-14
10
52
-16
-42
41
2
94
67
7
-47
-1
56
-4
-25
-96
8
85
-30
0
30
-54
13
-29
69
-7
-67
10
-15
56
58
-51
13
77
40
2
2
99
42
-3
22
-59
-48
-47
21
11
58
-80
7
-7
74
-34
-29
18
-78
39
-48
66
-3
-18
-22
66
10
-34
-89
-17
-5
-44
95
68
55
-37
59
-58
47
44
-60
-55
16
-94
-57
-24
63
9
88
7
8
100
-36
92
5
-26
6
-88
-13
-30
-2
72
0
-7
49
53
3
51
-6
-89
-67
66
68
29
97
-53
73
99
-61
-31
-64
66
-16
90
-74
-47
-97
85
84
-70
-76
58
77
-5
-8
-68
-52
-36
-13
-87
-73
48
46
-94
-49
32
38
-71
-90
5
-6
-39
43
11
-50
76
80
-83
-54
82
-28
13
61
-73
24
-92
42
1
-4
11
75
-44
-71
-89
-54
-42
30
-32
100
83
-7
-100
33
90
39
47
-47
-2
-33
-43
56
-78
-80
99
-58
-39
42
-44
-82
96
4
34
77
-75
-48
-47
-76
81
-47
-31
-15
-66
-99
18
62
87
-90
47
-88
-63
-86
-59
-54
77
-17
-100
-46
0
-58
-13
-62
-94
51
90
83
89
44
-43
44
36
-86
36
-55
78
-29
-42
-10
-82
32
-52
-25
14
-80
-76
-95
3
-41
35
-68
-82
-29
-74
57
19
17
26
-18
23
69
-92
3
2
-63
-48
-84
19
-21
29
-56
79
45
-15
30
38
10
42
18
-89
-5
29
60
-35
58
100
9
-69
50
-5
24
-72
54
35
5
-5
-96
25
-16
54
-61
-95
40
49
-44
-75
98
7
-1
44
-99
13
37
-61
-61
99
24
-69
7
-34
-9
72
100
-79
-30
-12
61
59
34
-75
-98
72
-31
-86
16
51
-62
-45
20
78
-2
41
-90
20
-82
-67
-31
-17
21
-38
78
-65
-53
-87
53
-31
-49
95
8
-90
-59
96
-94
-32
-51
79
-63
6
-98
55
48
-99
21
-73
42
-99
26
-48
60
71
-16
61
46
-9
-100
-55
-2
37
100
52
-86
49
54
76
87
-46
60
-7
-17
13
63
-68
-78
98
-64
-67
98
94
-5
-5
-20
-59
100
91
-19
78
-5
78
68
-86
87
-4
-67
-23
-40
29
-64
88
-47
91
31
-72
41
-72
-27
-25
55
26
81
11
-75
-39
14
14
-80
48
-4
-79
-91
-75
-19
-45
32
48
-1
25
-99
27
-52
77
42
-87
97
-80
-41
49
-97
69
-70
30
-58
91
-79
-43
-11
-27
19
97
-54
-28
61
28
47
8
-59
53
21
-92
-29
11
-62
69
69
59
-76
53
68
8
0
92
-64
6
73
-84
-96
-82
-7
95
-61
-48
77
81
16
18
1
-52
30
51
-40
-23
-47
-88
76
-66
-75
58
55
20
94
-5
-90
100
-77
22
53
-59
-12
-32
-29
-16
-70
-85
48
40
22
25
79
-72
46
3
8
37
90
38
-22
39
59
-98
53
95
97
14
-2
-6
-10
23
-98
-71
-89
93
98
91
20
-54
-7
81
2
59
-29
99
-94
28
-15
-36
54
-41
45
-38
-41
-38
55
-35
-55
23
71
89
-63
55
3
3
27
-10
54
0
-54
56
-45
38
-80
86
-23
2
54
93
43
66
-56
80
-38
16
-1
88
77
-16
-51
90
61
-48
86
-45
95
-36
-48
-68
-38
-4
-86
73
78
-90
65
-48
-64
77
-38
-65
-65
87
-42
39
-66
-53
-25
-84
-37
87
-81
14
78
22
-78
57
-77
-8
51
85
68
-64
-2
16
-72
-2
-72
7
23
36
46
42
47
-93
-94
-12
-15
49
-33
10
-13
39
1
87
68
-64
-22
-40
-44
22
6
-72
88
-73
-7
30
-94
-30
34
34
4
81
-73
-55
18
94
-84
52
88
0
24
46
66
-57
95
8
-51
55
-35
91
-73
-91
-58
-9
25
54
-89
-10
43
83
-48
-94
-50
98
89
-21
93
79
98
-17
37
20
62
17
-98
-41
-89
-69
60
97
-60
-96
21
-2
-50
-36
13
-44
53
-68
-29
19
-78
-55
23
-61
-28
-64
97
62
-36
-42
-33
-43
-76
5
86
1
-51
-21
-45
24
62
-61
18
-87
-82
12
47
-34
96
-43
-100
53
39
-10
56
91
-51
70
15
-87
52
38
-56
59
-96
-39
95
-64
58
-39
-29
-69
-43
44
-7
-18
74
-17
-59
-4
65
66
-30
14
-56
25
2
-91
-78
56
-99
7
3
-93
9
24
53
-33
43
-60
-2
-34
-83
5
-48
80
-40
16
-90
-13
-33
64
69
68
28
18
12
-34
39
-4
64
-11
-18
-19
28
-7
40
44
2
64
-42
9
66
-9
-28
-88
-12
-36
-3
54
10
-96
7
54
28
-62
10
-35
61
37
-79
70
-43
-9
-28
68
89
-33
6
-47
-42
-29
-93
45
-15
78
-25
71
54
-22
-62
-11
25
61
97
-58
30
-32
26
-92
3
-22
-30
-96
91
32
-90
40
-17
-56
37
21
-60
-35
20
32
11
-58
38
50
-88
-3
-81
-25
-2
-17
75
39
94
-88
-65
-73
-65
48
29
-2
-91
-67
67
40
4
-89
69
12
28
100
39
-92
-24
-4
84
-97
-41
97
75
93
100
-63
-99
53
-3
-84
-1
-3
60
70
8
-78
-71
57
11
-22
-74
42
-82
52
-47
86
-59
-64
-38
13
-55
-93
98
17
-100
84
58
94
-82
63
97
40
-74
-64
-46
64
39
-55
64
95
20
95
19
-9
-84
-12
25
16
-85
24
80
-39
-51
5
-32
81
-51
-50
-76
-64
-6
16
70
-21
-54
-5
25
-15
2
-7
7
33
-94
-44
69
-64
81
63
84
16
-86
95
69
-47
-96
-53
47
1
44
2
38
88
-33
12
-71
-23
-84
2
80
-45
-22
16
46
64
-6
7
-9
65
-55
-15
68
12
10
-82
95
-25
1
96
76
16
-95
-11
90
77
-6
25
26
69
-7
82
43
72
79
50
-41
94
-79
-9
26
-19
-49
98
75
58
-24
57
-50
39
89
-18
76
-4
-72
-51
35
-50
-6
50
78
84
-85
5
32
96
-7
-15
73
-68
64
27
-87
6
-76
-53
-39
26
16
-25
28
-2
35
-86
-88
-70
95
-24
95
-65
-91
-96
-58
78
94
-1
88
20
11
-37
64
-30
49
90
23
-40
76
25
-41
10
82
71
-60
-78
-86
-96
-17
-15
58
-100
76
11
-88
-48
16
58
-97
-24
-55
11
56
-65
31
72
95
99
82
46
43
89
-23
-34
-28
68
-50
73
-69
-16
-87
-55
28
-65
62
-45
-98
97
-43
-92
-10
-24
76
34
0
-26
18
-25
0
30
37
40
-98
-78
92
61
-26
-63
-25
0
88
-70
78
-80
80
-58
62
-9
42
7
72
-16
93
27
94
-95
-55
-38
-92
24
5
-13
-68
30
30
-18
4
80
-72
-89
-52
23
85
-71
40
-51
3
-14
-25
34
-60
-32
-23
95
-2
-100
93
71
-80
-74
-6
19
34
-65
-16
-25
-50
-74
-56
19
-82
-100
-3
0
53
30
-64
-27
-78
49
77
22
-90
-14
64
-87
98
41
23
45
18
47
3
-77
27
24
20
100
-70
-13
-98
-20
45
75
-38
73
-92
-44
-37
-23
-88
-31
-20
-73
-44
-11
56
94
26
39
28
-77
-5
28
35
27
42
-46
-34
10
60
-35
83
-57
41
32
45
25
-30
77
50
59
64
23
-62
-63
13
58
99
42
-52
-26
-100
-46
-17
83
-77
57
41
34
-95
95
60
8
-82
37
79
-43
2
-50
-12
42
-86
36
24
76
-9
4
-38
-31
-42
-49
-43
96
-48
-46
-2
-37
-66
-90
77
-98
64
-70
-7
31
-35
-89
52
5
55
-72
99
23
-61
-37
11
-55
-54
7
92
49
0
13
-34
17
-92
-57
-44
-69
26
40
72
-55
-15
67
-18
-70
13
-89
55
-41
99
56
-23
30
-68
-10
15
-92
-97
-54
62
-54
-65
-65
-75
-79
95
-56
-86
-73
-31
10
97
-66
13
-97
-67
29
13
96
-25
76
-47
-58
62
18
23
22
39
-33
-7
94
39
60
-72
-56
-83
19
-76
-42
-34
100
-44
32
38
-76
62
98
66
84
81
35
-4
21
-64
-5
24
-59
47
55
12
100
-66
16
43
-58
-92
-4
-35
54
-20
-98
-61
-26
81
20
38
97
86
18
-36
16
-79
-83
85
-89
62
90
44
-64
70
-65
-34
72
91
98
46
-73
79
-34
37
-76
97
82
-55
-54
47
-97
47
54
-55
-97
-83
27
-2
26
-68
70
-77
96
85
-19
7
7
84
-97
-41
47
-5
99
-19
61
84
36
-11
-49
87
98
-36
76
85
-30
-59
27
-23
-100
52
-43
87
-90
78
39
60
-71
28
38
25
40
-21
25
35
29
-22
83
95
-28
31
-9
-32
-39
-44
-65
7
-78
15
32
90
79
-59
44
-4
13
-3
-31
-15
3
69
63
-20
-36
83
-60
84
-44
26
-87
73
48
-15
-26
44
-4
15
95
74
-81
-26
79
-56
24
90
94
83
-28
-2
-47
1
25
-15
53
-22
58
-79
62
-62
-42
86
-55
-86
-54
9
18
79
-61
38
-66
-60
78
82
99
-61
50
-49
-100
-8
-43
-89
-93
0
92
-40
-99
1
71
-89
89
-10
-100
26
14
-37
-80
72
22
48
29
-18
87
-14
8
50
-27
69
64
84
-70
-13
67
82
-80
-26
46
-82
60
-67
-48
-8
46
70
-30
-67
78
-44
20
62
52
1
3
-61
-38
54
36
53
-39
97
19
-8
-90
-49
-49
43
-66
-9
46
43
77
-36
-12
79
-9
-31
56
33
30
-76
11
56
64
20
30
-27
-65
-83
-81
-77
22
-6
53
93
-94
27
-5
-1
16
-75
97
69
-28
35
-30
38
-2
-19
-37
-34
-38
-53
36
-13
50
-18
68
-21
-89
33
-42
73
-4
12
68
-16
73
71
30
-55
-66
-80
4
80
-66
72
-57
-92
25
-91
76
60
-62
80
-20
90
-58
-76
-10
82
18
25
-89
12
20
92
52
-37
21
57
32
-93
5
-8
71
54
74
53
-1
68
39
15
86
-85
50
-97
-82
-20
-85
12
31
-88
30
-99
-78
31
12
28
21
-87
-39
26
56
89
96
50
-84
55
-82
-27
-25
59
51
-66
-25
-26
-35
-80
-23
71
64
10
-28
29
76
20
80
53
-46
-26
-53
6
51
-35
7
20
-59
71
-96
-31
37
-89
78
23
34
99
95
54
-19
-43
29
23
-6
-36
33
50
90
-97
98
85
19
85
76
-82
40
-39
-28
97
-16
-5
-99
89
9
67
98
71
76
-17
-27
100
-57
-42
-20
78
38
-79
18
95
-29
40
92
24
-63
-36
62
14
-32
11
84
-67
-56
35
49
-79
-44
83
-66
31
41
-51
-12
34
-71
2
44
52
-34
-62
-72
-77
53
-23
64
-61
-73
31
-94
23
-9
-20
96
92
47
-4
29
6
75
0
-24
-57
35
63
-55
-12
-70
-86
90
-72
12
-100
-89
-27
-96
-87
-57
90
-88
-56
-80
-25
-91
-30
94
-34
-79
18
-37
50
-52
69
8
92
18
-95
23
74
-18
-86
-15
93
-41
-17
28
-30
0
48
-79
-61
-10
-31
-9
35
-84
83
76
-85
66
-1
99
-89
-99
58
-67
-15
69
-85
-37
50
85
5
23
-58
90
-25
-57
-58
-52
-46
-29
-25
46
-11
-80
65
-72
61
87
-61
-77
0
0
91
-76
-76
30
5
-52
-25
-43
29
89
-34
-5
-18
-65
1
-54
8
15
79
87
-100
60
-19
-46
99
-73
63
54
7
56
58
26
25
24
-67
85
6
54
-22
60
-63
-11
-60
83
-60
93
-45
-100
21
87
66
-14
-22
-96
-36
-73
76
67
-20
43
78
32
0
2
-42
84
71
-65
-95
-56
36
42
-28
91
5
21
-29
-53
-17
-33
10
-89
74
51
-24
85
10
-30
-52
94
70
-86
-99
-38
-95
-36
-81
17
-73
-49
61
-7
60
12
71
46
-68
32
63
-3
16
13
4
-4
-5
-74
38
-93
9
90
-41
-4
4
85
-31
65
22
87
62
-9
-94
-12
80
14
-44
-8
48
-48
-23
55
90
-63
50
-27
83
29
59
-38
-83
-80
70
12
-61
67
-41
-34
-1
-30
-63
65
-35
46
55
93
-92
26
41
-23
-29
84
-15
80
-92
81
-39
22
40
50
-98
53
56
-47
-65
1
93
-68
92
-16
34
-33
4
62
64
-15
55
-54
-33
4
61
100
68
-30
83
-78
-33
-36
-61
4
-68
68
-51
81
83
-57
34
23
-91
77
-49
13
-59
62
51
14
18
-33
39
93
-99
99
-78
73
54
-19
-8
-17
77
-92
-17
93
76
91
69
46
50
90
90
81
-69
-14
-62
-24
-55
24
-31
-21
2
-56
15
-79
96
-95
41
88
-12
-22
62
5
-1
41
81
-10
-50
-9
17
61
-66
-6
92
-12
17
30
-74
-100
-26
-81
-20
89
100
35
59
23
-30
80
41
-40
-7
-15
25
13
98
-7
20
-66
-27
19
91
42
-76
18
43
49
-76
57
2
38
25
-69
14
-94
42
73
-42
62
18
-13
82
83
9
0
-24
25
8
59
100
-18
-51
69
98
-25
-80
-18
40
-86
-39
-15
49
-63
-18
48
-67
74
4
-1
97
99
-66
32
-61
-98
-29
99
64
-93
47
-72
-64
33
-82
-30
53
95
41
51
19
58
-55
-56
98
30
6
51
34
64
93
-7
-27
-25
-81
70
-92
-88
92
-60
-24
-88
72
-36
75
-31
1
-8
78
-20
-91
2
17
79
-27
62
-90
87
60
28
33
-10
-37
-90
-83
20
-71
22
90
-40
-60
-91
10
-47
-90
-12
40
-20
34
-42
38
25
49
56
23
-3
-45
-6
-65
-70
-54
-57
83
-14
-68
37
-80
58
76
16
10
-36
28
-81
11
50
-41
-86
-42
11
36
62
-83
-10
-28
-99
-52
-79
91
56
4
27
77
69
15
11
20
99
63
-95
-76
-92
-46
-23
-48
66
76
75
89
-31
45
-11
4
-31
-39
67
-24
-89
44
-30
-40
-23
-38
45
12
83
-41
-15
-12
-59
60
-31
54
70
-28
44
-57
4
45
96
31
-53
95
26
-8
32
-67
96
74
98
-94
82
-69
-95
-42
-43
-38
22
-83
94
-16
-73
2
73
-62
-54
-37
-16
-23
48
44
4
18
37
72
76
-17
77
-65
40
-83
-45
57
30
23
-40
-93
8
56
-35
93
100
21
9
-16
74
-15
-36
32
-4
14
-13
-37
-51
7
61
-65
5
52
-66
77
-15
81
-10
-32
-8
-92
-8
44
26
-7
-29
-95
-48
32
-37
11
35
28
69
-30
49
-93
-45
79
49
-99
-50
-71
-26
-36
-48
-58
10
99
-11
-96
-54
-48
48
-17
-92
-43
-93
73
50
-48
-30
-60
41
-98
25
-74
-58
17
32
65
50
51
-89
28
76
93
67
-66
-15
-8
14
-45
96
64
69
33
-53
-2
-67
21
62
-73
-57
-26
36
9
-22
-54
-51
-24
-30
11
26
-48
33
53
82
-84
-79
-62
12
-97
5
-95
-71
36
61
-39
79
85
27
-20
-32
-67
-40
-25
100
54
85
48
27
-19
-15
96
6
-96
-71
-83
-80
-26
-98
-80
-32
11
24
-1
-24
17
68
82
-15
-46
-47
52
-63
30
0
28
-56
30
-27
98
32
-10
37
30
-67
79
-7
-5
-28
-99
81
88
21
-27
-3
-13
-47
-29
16
-33
99
23
-57
30
13
31
75
-5
-3
49
-27
-81
-66
94
7
-85
-14
-7
33
-36
-45
-92
31
12
23
87
30
-14
82
-49
26
-23
-79
19
-70
21
11
-80
-94
-81
35
-10
-43
52
83
-36
71
-69
33
98
49
0
38
75
-51
58
62
-15
-81
-76
15
92
-54
17
22
83
54
-84
35
-90
-99
-5
91
-55
-59
47
15
-17
-6
13
-99
-85
-51
26
14
-85
-50
37
18
87
5
-88
73
49
-69
79
35
40
71
87
26
-27
51
7
54
-98
50
43
-18
-19
-93
-37
41
1
-2
-93
94
-52
-96
-89
-86
-5
-61
-49
45
-76
-19
-49
79
-31
-76
83
-71
19
-88
43
94
1
26
-57
6
100
64
-46
52
2
50
85
-73
7
-18
94
7
76
91
44
25
-38
69
-72
59
-93
-46
-34
38
84
36
-23
-59
-80
4
-9
-65
-64
-57
-7
-67
95
2
-55
-53
-12
-86
-6
-53
63
79
89
83
-19
98
1
44
81
-10
-88
-51
98
-43
30
73
-12
-18
14
69
-12
80
-22
84
98
-94
-23
12
-64
-49
42
3
50
30
80
-72
-93
-92
-79
80
1
-59
74
-82
-25
47
73
-100
56
-64
-51
88
-85
-20
23
81
-92
-25
13
46
58
-100
-58
21
-16
37
-84
-2
-66
79
-77
-12
86
-93
35
7
2
-93
73
-9
39
-85
-33
-24
-11
60
-69
-79
17
72
-82
7
-49
60
93
11
-18
-20
83
99
24
-79
83
-30
34
15
-81
21
69
-10
47
-47
61
26
-16
2
30
-26
-5
-55
-8
88
89
88
-75
-38
-47
-2
34
75
-20
-29
-58
-73
-93
-13
78
-74
81
91
1
68
84
54
2
65
-81
13
-50
-26
-35
93
13
0
84
60
-6
34
-14
-75
-39
-79
98
-86
90
-71
8
53
32
69
73
77
-8
-83
-93
22
44
-9
-50
-60
-50
-12
-94
31
66
-53
-29
43
81
22
-54
35
5
9
-11
51
-46
-52
-36
85
-43
-44
15
27
-36
62
-45
89
18
-45
-22
-94
66
7
21
53
-88
29
-8
-39
-11
77
65
19
52
67
-24
34
87
-25
21
-20
-82
-29
-36
-64
-60
-78
-31
-98
33
-87
63
87
80
-67
38
-100
48
-76
-1
75
-85
-42
20
18
35
-94
-83
48
-78
2
-69
17
-97
81
-78
68
-97
-25
97
41
-2
47
-95
46
98
46
58
-93
-46
7
38
-53
28
48
-75
50
6
46
-47
74
-72
-75
88
-66
-3
66
41
-12
-53
92
11
67
65
-74
-30
-87
41
-91
35
-41
69
-71
41
42
-56
57
-17
58
-9
12
-26
-38
49
-48
-32
-45
38
-73
13
39
75
-91
74
15
-87
-74
81
58
-12
90
82
51
7
-35
21
-26
29
5
90
-37
33
-46
-87
-79
93
-35
-64
60
34
92
52
-17
71
-6
28
-11
-73
-34
-81
-79
-26
18
-64
-22
-22
-62
46
-20
-59
35
-63
-15
17
49
-77
-57
13
64
-23
-46
-15
-48
-86
6
-10
23
70
98
-90
-9
-59
62
-37
-95
-18
55
2
80
-2
-12
10
-41
-95
99
99
85
-51
11
-87
89
38
37
-22
-25
32
91
58
-26
-59
-10
20
-4
-78
40
10
79
68
92
95
68
-20
8
-84
-10
41
-64
4
-60
-51
61
-57
-38
-32
-67
-56
-38
14
-50
6
-51
8
-4
-57
-48
17
39
-93
-69
47
-90
15
-22
-68
-20
-6
-25
35
-82
-21
87
12
98
55
4
-90
66
-44
33
93
84
98
-2
-81
-76
73
-15
-15
14
52
-70
49
15
67
70
-53
82
79
86
-52
27
-7
34
54
47
13
37
36
-86
-99
24
-49
-80
90
96
17
-41
-61
60
-58
30
88
-68
-74
29
-31
90
-32
21
42
17
80
44
-27
16
-1
-65
-99
66
-55
57
-88
-99
85
89
-27
-98
-90
34
-43
6
16
56
-68
-33
-54
-21
-91
-20
-77
-18
53
21
0
-82
56
1
-11
31
89
-87
24
7
94
-42
-70
12
-32
-22
28
63
-78
64
45
23
13
35
14
-32
-73
-93
-32
-98
88
-38
31
29
27
37
1
76
47
86
-54
-15
59
19
74
43
-84
56
-79
-2
-38
-16
59
-32
-43
69
65
-2
68
-92
-33
-18
6
44
-38
-76
-92
46
-64
72
92
-31
9
51
-97
95
85
72
-24
16
14
75
-47
97
-12
76
-77
-71
-9
9
-5
-3
45
3
89
62
68
-7
41
78
74
-49
58
-49
42
61
85
37
-80
-7
-7
41
-45
37
-27
-76
37
-55
-84
-65
39
27
77
-52
-28
24
67
22
-67
86
62
18
4
16
38
-51
-27
46
-86
-2
-88
-40
-100
-93
94
-89
33
-34
-35
-97
-22
17
-53
2
-36
-59
6
67
49
-36
-76
-49
-65
60
67
-38
-67
-90
-79
18
-54
94
1
-60
18
-56
-49
-46
-68
-26
78
80
-62
-12
-93
-43
-38
-98
-57
-20
-35
4
60
-27
-61
1
-46
-58
-32
-45
-57
-68
-96
-65
99
-66
-64
70
12
-11
19
33
-55
-2
-90
63
60
-81
46
-75
30
24
-79
-13
-46
-35
-71
-10
7
96
-42
3
-75
-1
-57
-100
-73
-86
12
46
36
-30
48
-94
78
-88
-41
3
-56
37
69
84
-67
-18
-59
-1
81
-49
-10
99
40
66
44
100
-78
66
-88
10
-74
-79
-83
-95
-34
40
-56
-27
-25
90
-26
-73
-65
-51
84
47
51
-70
-28
-43
-17
-89
-8
-30
-64
65
41
-70
-42
35
0
55
84
85
-26
-63
23
21
-77
-47
-34
70
-59
40
-92
80
3
-94
-5
18
-23
-69
2
36
33
-17
9
-82
-25
-46
51
57
-61
-2
52
-74
-51
72
36
-53
53
-35
-82
-86
-38
98
85
-80
15
20
-60
45
98
-69
-56
63
80
-15
-44
-70
52
-52
66
70
-84
-15
-14
-25
22
43
-65
82
-69
-69
-97
85
-85
-64
4
-85
13
-45
98
-93
50
-100
-26
-8
-5
-47
62
81
-22
49
36
-9
12
83
-13
-72
34
29
-49
16
62
88
-72
74
-57
54
-88
17
55
49
8
64
62
15
-76
-72
93
-29
-67
-68
39
-40
3
20
100
0
38
58
-69
11
-69
-85
40
-8
-49
-25
68
87
12
-37
12
10
-99
74
-81
-77
81
51
-75
95
27
74
43
-43
-63
-6
39
82
-52
54
-100
-95
-58
77
15
-75
-30
-53
-96
87
2
-58
8
-68
21
57
-44
70
-30
-6
89
52
-97
38
-65
76
62
-90
96
-83
3
56
45
91
-80
-90
-19
-74
95
-61
11
59
-62
92
92
58
-45
97
-10
2
-74
-89
-64
-70
-32
-69
-50
11
69
66
67
46
99
64
47
-48
8
75
-89
66
-62
46
75
-5
78
-32
-32
63
31
100
-65
-90
-63
-71
44
95
-38
45
-35
66
-7
34
-8
-72
93
11
2
73
-86
38
89
-49
-68
-97
-7
-84
-88
-100
87
85
60
-30
49
32
-54
-1
32
77
26
17
-57
-85
-45
-47
-43
70
-34
77
91
4
19
-4
69
-15
-81
1
-58
26
-99
42
-60
-15
-90
-89
22
-1
44
-5
-54
-49
-79
29
-26
-63
-17
95
11
-52
-57
-55
18
-28
4
-1
7
-4
79
-67
60
6
-94
74
13
-74
82
-77
-31
46
84
-84
35
-57
-77
-39
19
45
-51
82
-48
6
64
-28
-50
-40
4
49
-48
60
33
-82
19
57
52
26
28
-46
81
-73
-85
35
32
-48
32
20
-88
-74
76
-93
-16
-8
-86
-76
80
19
64
16
68
-17
42
-24
-67
-79
84
-37
-71
-19
17
-38
29
97
-28
-90
3
0
60
39
91
-97
43
40
-23
-80
65
69
-17
-85
-15
-13
2
78
3
-31
27
63
99
-9
32
-17
-72
-94
22
65
34
-35
-90
-54
66
-94
-35
-79
-37
-64
63
-20
89
97
67
-14
-48
-28
-86
-91
22
-11
-99
75
-27
53
-67
-30
78
-84
-98
0
-83
74
89
-18
-47
86
75
56
78
-87
89
-46
48
-94
95
82
-76
-10
-17
31
35
-48
45
-39
91
-91
0
-39
-1
99
99
46
-59
98
-21
-86
52
25
40
30
-2
-93
-41
100
-57
-75
48
-12
45
-81
-1
48
-7
21
-36
27
28
-67
-8
-82
31
-55
-46
79
95
68
-2
-28
23
62
-83
-54
6
66
21
-98
-84
-2
53
-27
-55
62
-22
-7
-43
-91
58
-42
74
1
100
71
-55
9
-3
100
27
92
-42
92
65
20
12
20
-35
4
-70
18
83
39
18
11
-74
-93
-80
-6
-12
-95
-1
76
96
-13
-91
-87
91
-7
37
-40
94
-37
-69
-50
88
-62
60
-39
49
9
-96
-73
-51
-8
66
81
-50
72
71
16
-75
13
26
11
-65
72
-27
26
-63
20
74
-75
91
-21
80
-90
6
-19
-7
-95
-13
-3
-32
-14
-1
-84
21
20
-86
-40
21
-50
93
-29
-38
65
36
52
87
-19
-77
-41
-34
46
71
-72
-46
97
8
47
-22
0
-58
25
14
32
-18
-54
28
90
77
55
-32
30
-36
-25
35
-52
9
88
96
50
80
-35
43
-37
11
-8
-96
62
15
91
49
-23
65
-85
50
39
30
100
-46
38
-53
40
-12
-25
63
44
-29
91
-56
73
29
19
29
-25
-85
40
51
-68
-13
43
-94
89
83
-61
93
-3
44
-35
-55
-41
-55
46
23
-48
93
96
-66
36
-79
28
100
-11
-70
-39
-70
48
-6
-88
60
39
-61
96
35
78
-19
85
71
95
-75
-14
-70
80
-55
81
-85
-53
72
18
-93
49
95
33
0
9
4
76
-69
-61
-20
62
-51
40
86
75
-37
-50
-30
32
-99
-3
58
-73
-7
-79
8
-74
-67
4
64
-23
-61
-91
21
-16
40
-44
-68
-49
-71
7
-62
90
-78
-48
38
64
-53
-24
-6
100
-85
-83
-39
-62
-98
46
21
26
49
9
-74
-38
-83
91
80
-67
23
78
-21
-96
-70
21
2
-15
-97
5
-29
-95
-96
-19
-22
46
42
-87
-47
-87
-96
1
-89
-32
27
-81
-33
86
53
-24
96
-50
-80
-55
99
-41
-45
-76
-61
-41
-43
-43
76
-45
-46
48
74
-56
45
-82
73
44
-19
-95
29
78
0
-71
52
72
-84
-30
53
-43
31
12
61
79
11
63
75
-53
75
60
13
-8
-100
8
50
-27
9
-75
56
-29
65
22
-17
65
98
-80
58
-31
34
75
76
94
54
-59
-21
68
-71
-60
74
20
-12
11
-36
27
-37
56
-31
-94
54
30
-72
-27
-17
18
34
-78
-60
13
36
2
-12
26
76
18
-25
-58
-67
-58
-62
-89
-82
56
-83
54
-92
98
-57
-65
-66
48
77
-32
79
-60
-40
43
-61
46
84
9
81
61
-9
-26
-77
0
-50
-34
32
-99
-87
-40
52
100
4
76
-35
3
73
37
-91
81
28
-91
-49
-82
30
29
-100
88
-43
89
71
63
-61
-11
-62
1
77
-10
5
65
9
65
90
-69
42
31
27
49
-35
-66
84
-90
61
11
-27
-18
-49
-63
58
45
90
-22
-69
-82
-9
4
74
13
79
44
63
21
-73
-9
58
-18
49
-9
-22
-89
-63
-82
10
38
34
67
-6
10
-22
-79
-56
-82
51
-74
-22
50
14
62
-69
48
-6
15
-43
-65
-29
-25
41
42
-65
92
-15
90
5
29
87
-32
-35
-1
18
-28
33
17
83
-39
26
62
-81
72
-55
-62
10
-46
84
-46
16
-1
58
91
-12
-18
93
-56
-48
43
32
13
49
97
55
3
-19
68
65
61
91
60
95
1
-80
-93
54
60
-67
70
72
66
-45
-80
81
28
68
-69
-84
7
34
32
-55
-34
-21
0
72
-86
-25
-73
63
93
94
51
0
63
-81
91
-30
94
52
-100
2
-10
54
12
47
15
40
-79
3
81
45
69
-55
90
-88
-77
80
85
70
100
-75
87
-9
-77
-18
-71
8
20
67
-73
-84
89
56
-13
64
-88
-6
-86
-94
-52
-32
-2
-16
-79
62
32
-24
-65
-63
96
87
34
68
87
75
26
-77
15
19
35
39
-24
7
-18
17
-52
93
45
31
-10
80
-61
24
-61
-58
-95
7
11
-65
5
-79
-34
97
97
5
-96
21
-63
-35
55
5
-43
-94
84
59
62
78
24
49
0
9
62
97
-10
88
-14
-67
-62
-94
13
37
91
-95
-5
55
11
76
46
-99
56
96
-7
-85
29
56
-20
57
-33
97
-57
74
90
8
65
15
-35
66
35
-54
85
-3
54
10
23
-98
-92
99
-38
-81
54
18
-6
14
38
6
-19
87
46
52
56
63
-82
84
-38
3
-36
-53
2
83
96
28
-5
100
34
-68
72
-68
-89
84
-4
98
-5
-93
-18
33
-60
-25
13
-71
28
29
11
-17
63
34
-81
97
-2
-42
-88
-42
-81
-47
-8
30
-53
46
-82
55
-67
-39
6
-3
-69
100
-37
46
92
90
-44
78
32
-6
38
18
19
-33
48
-57
64
27
50
-43
16
56
-65
-11
-36
-28
33
-29
55
0
-82
69
53
-99
34
-88
-52
-48
-16
55
5
-31
73
-47
-12
-60
64
66
10
4
26
-23
14
66
-14
57
18
-82
-5
43
-37
-67
6
66
36
29
65
33
12
17
-70
20
-86
-32
95
34
-36
78
52
-98
19
-42
-65
28
-81
70
18
-36
47
-23
-43
-93
24
-84
87
-71
-25
-90
28
50
-86
-9
-37
95
2
-24
1
-1
71
-23
-18
25
-92
25
54
10
-81
40
53
-28
100
70
-12
-89
43
-24
-34
95
-80
-64
99
87
-87
-48
15
81
-64
-9
-6
-60
-60
-74
-95
49
51
-72
44
-98
23
-84
71
75
-96
18
-38
-37
19
-93
40
-76
-34
31
42
0
-59
80
-65
-10
-89
15
43
58
-77
-62
45
-83
-15
20
27
16
85
60
-57
-31
-47
86
77
5
89
-33
-94
14
-3
57
-11
-34
44
24
56
61
-68
80
71
-4
88
-30
90
-77
-66
3
92
-71
4
85
-72
86
-5
-8
28
48
39
100
25
-7
62
24
66
-36
-62
11
27
44
-25
63
86
88
54
-67
35
9
87
-83
-79
93
63
-24
56
85
-28
8
-85
-44
-34
77
-60
-92
42
-88
-87
-30
-35
-10
4
-98
24
3
-90
25
-12
-65
29
24
73
78
28
16
-3
83
82
-36
64
-37
73
72
-77
-22
80
-95
91
-60
-24
-94
51
-2
-78
33
6
-52
-80
-80
55
-58
-43
-46
-20
63
84
-94
-89
-57
-60
56
35
-40
92
-6
-74
3
91
80
-90
-76
22
54
23
-75
24
67
75
-66
89
89
38
-41
66
-50
56
-51
-32
-56
55
43
4
22
98
-35
20
-59
-24
-73
-88
-56
65
95
81
36
3
2
-82
90
83
26
-87
-5
-52
6
100
31
86
30
100
66
-72
35
-88
39
68
43
-70
-10
73
-33
-40
50
26
-90
100
-43
-62
76
44
33
-26
3
-48
-15
-100
98
-88
-87
-92
99
28
87
96
1
-29
69
22
28
86
71
-50
31
-75
-2
-48
31
-85
-43
96
-70
-13
-31
-6
28
-63
83
99
5
69
49
-3
-85
51
-27
74
25
26
-5
38
51
-21
28
-43
-12
-78
11
-95
38
45
-6
-100
-57
31
-91
-37
-55
28
37
14
86
93
8
-55
24
88
-65
75
-52
-83
85
84
-50
66
-34
-35
-12
-97
59
-3
-88
82
-12
-100
11
-19
29
43
94
35
-26
39
32
-51
20
-99
-70
-72
1
26
-72
-75
24
66
75
55
-73
-26
-60
60
39
-57
-48
27
17
68
-60
-73
84
55
9
-39
-41
-27
-78
17
9
-97
80
56
52
4
46
-87
-65
27
-38
-27
-86
-1
-64
75
-65
-78
-78
-6
-28
50
58
34
-99
-53
-47
-45
-20
-5
54
-13
-35
-10
-87
-68
93
-91
57
85
-81
-20
4
-81
85
-77
94
67
7
18
75
25
33
-95
5
56
77
-77
40
-95
-26
61
-95
-57
11
-97
75
-87
-77
52
-36
47
24
-59
-13
-34
-87
-85
36
-55
-39
-87
-11
31
11
14
53
26
46
17
5
-81
76
-71
47
14
-77
85
-8
-72
100
73
62
-11
-83
6
4
-63
-20
53
-17
48
-18
-53
18
9
38
34
-87
-13
57
-29
-39
-1
-100
98
-28
-12
-70
61
57
-83
-75
-11
-60
-70
-95
69
67
99
33
-39
53
-61
-6
90
75
-76
44
16
-15
-43
66
-77
23
-10
82
-63
-96
83
-94
60
65
-41
-58
48
32
8
-89
-54
13
-74
-29
93
-17
50
-69
95
48
37
62
-68
91
90
-80
17
6
10
99
-30
-7
45
20
47
-94
-80
35
-31
-33
37
3
2
58
-42
-21
-1
-100
-65
38
91
-22
-52
-6
26
36
-51
-72
-43
77
-3
53
-23
-99
-94
36
98
36
97
0
-14
-11
-80
78
-44
-25
53
89
-54
-89
39
58
-18
90
65
49
-74
-61
23
75
40
25
-82
11
13
-81
-5
12
-91
-50
81
11
42
18
50
-41
-23
48
53
59
49
-23
-22
40
74
30
-59
-5
-47
-61
69
-36
3
-38
58
-27
-62
-44
-70
-14
49
-18
-23
100
-59
-73
34
52
-60
23
72
99
63
14
-10
-96
-47
8
42
-63
-94
64
-22
-24
-11
-41
19
64
59
-56
-86
-89
54
74
-23
24
-70
-76
52
20
25
-4
-100
-27
-28
-95
96
-91
80
32
1
40
-22
-12
32
76
55
-34
10
82
-43
-49
87
-50
-61
93
44
-41
-33
27
-39
19
-53
-99
75
-9
-74
81
-57
-66
-46
-88
-46
37
10
17
-92
35
-44
68
18
47
-16
-61
-97
-1
42
-80
-71
-53
-71
67
4
97
71
89
-34
-75
-22
-15
42
-25
55
7
-10
-2
-54
4
-76
-100
-5
84
-15
56
-68
-62
-86
92
-94
-54
81
-32
32
-87
-36
26
38
33
83
-86
-96
-59
-10
50
-42
63
-59
-95
87
-97
34
-91
49
-57
6
99
-9
7
29
68
-34
45
4
-26
-66
-90
71
39
-94
-14
1
-86
85
9
-73
-83
46
88
-93
17
-33
-53
-28
90
-37
-87
-74
46
47
-26
-32
-42
96
-39
70
57
-94
-79
19
-32
-71
-1
-68
-92
-55
-68
74
-2
-53
-39
-23
-7
-31
84
1
-11
54
25
97
75
-73
-81
-16
63
70
25
96
51
-38
85
34
-85
-89
-36
28
44
69
63
39
46
-48
82
-94
56
-16
-77
93
2
33
-7
-90
90
39
54
63
19
-61
-17
-93
17
74
66
-73
95
99
18
-99
-38
35
70
53
13
18
36
-74
10
-71
87
-76
76
91
34
-53
-52
86
13
-45
-2
55
22
21
-29
6
95
96
-61
28
-60
34
-37
94
-94
-6
59
-44
76
-5
22
-56
88
-53
32
26
84
68
-18
26
73
-77
44
-82
77
87
-40
93
56
-52
3
54
-68
5
-36
-54
94
4
1
96
-13
-77
-69
-92
61
68
20
87
-90
55
-95
-25
39
68
51
81
-79
-47
55
11
-32
43
37
7
-72
70
68
82
-30
-3
-60
67
-82
-49
11
7
98
-84
54
-29
88
100
41
-30
-94
-27
35
-51
53
65
-4
88
95
65
96
68
-71
-89
50
-92
33
-44
-72
-54
31
-14
-39
-44
-25
59
-68
-3
-45
-74
-93
63
-90
81
-45
-37
27
50
45
39
-43
73
90
-10
50
-98
24
67
-91
-71
-24
-100
-77
-23
25
62
-40
48
-43
-1
40
70
30
16
91
-81
44
100
60
-97
-22
16
93
-25
78
58
1
-53
96
-4
-80
62
-48
-37
5
92
-49
-46
-50
-63
86
-59
14
-42
71
22
65
-59
-90
-93
-86
-14
73
-28
-3
11
-68
-65
-80
36
-18
-68
-93
26
43
-70
15
45
-45
-69
-68
-63
-51
74
-7
8
-45
14
56
-99
-95
-78
99
-88
-87
-19
84
-95
-69
8
-29
-20
-56
-63
-91
-18
-43
-32
-35
-11
-48
78
61
66
-93
-100
-63
26
-40
41
93
11
-9
19
19
-85
-34
-6
54
-17
17
-1
64
-62
-9
-90
16
63
83
54
-20
62
20
-66
87
-30
53
11
-28
72
58
-51
-11
56
-14
48
50
-25
32
-1
-28
32
65
-42
97
75
61
-2
51
56
-24
20
-76
13
54
-42
-99
-28
8
-49
99
40
-40
6
81
7
21
-57
59
-88
-68
58
-22
-11
-6
96
88
-94
35
-96
93
-10
38
-46
73
-69
37
36
56
80
38
-48
37
-4
85
15
32
-91
10
31
-33
13
56
-86
83
-49
-1
2
10
16
69
26
33
-14
90
-63
-51
-25
-41
72
-32
-24
-76
36
-66
34
-91
-50
63
-29
25
53
92
62
24
23
-92
-54
19
-56
87
-72
100
-12
80
-55
-33
-47
-14
-98
-88
25
29
-43
-91
67
40
-62
72
3
-79
4
89
-56
-31
82
-60
69
-69
-70
57
46
39
33
-9
72
-48
-92
-44
35
-58
-17
1
66
59
63
74
96
46
22
77
-92
97
-37
68
13
94
-39
42
-28
36
-17
-61
-93
-17
-86
-46
54
70
3
27
-59
-72
34
-81
-87
78
-15
82
41
-67
-80
14
-80
-34
-14
-23
26
-54
63
44
8
73
75
-15
-17
-35
-90
68
57
95
93
26
-18
65
95
83
26
-10
-31
22
14
-27
-85
100
-40
-29
96
25
-61
78
-24
18
70
39
-86
2
50
4
-62
-73
49
11
71
43
68
84
37
100
-4
-79
18
-69
-63
41
78
62
-48
-43
94
81
-99
0
67
-72
-10
67
4
62
9
-72
64
2
64
-37
58
-80
32
-85
-42
-50
59
27
-21
10
99
49
41
-50
-14
84
93
-28
58
100
-2
-14
-38
-24
45
4
63
-87
48
-86
-15
-51
-46
54
18
-35
65
72
10
44
-100
9
12
-35
-1
13
-99
-37
-52
18
2
-31
-89
-36
-10
-52
71
-25
95
-15
-47
-98
7
82
-81
-30
-27
22
96
-86
-55
40
11
78
30
34
88
-47
50
-68
-76
-50
-67
44
66
-20
-8
-43
91
61
-39
-86
90
-43
17
-76
-36
55
-6
61
-38
71
-58
23
3
71
34
76
62
-83
-34
-93
43
65
-8
80
-85
45
3
51
-61
-49
39
61
60
-42
-44
-26
-57
41
4
28
14
8
15
87
1
62
47
-79
57
-74
24
-87
48
18
20
75
97
-86
2
62
-77
23
-17
-59
39
60
86
1
47
57
34
-33
-31
-98
42
-31
65
13
51
24
65
38
100
2
-60
-14
-66
-1
17
89
71
-2
-69
-36
-91
21
33
56
61
86
-25
-69
62
20
-54
0
76
15
97
-89
51
-68
-96
-82
43
46
-40
50
48
33
78
-48
33
98
-66
-45
-47
-40
58
98
21
-79
78
-79
-49
-59
42
-46
-73
-47
-24
-77
-1
69
-24
-58
82
-25
7
93
56
-43
-24
-36
-99
48
-30
90
14
64
89
27
98
33
58
74
-65
8
-46
-33
-94
66
-92
-64
-14
46
73
82
-78
-56
-14
43
54
-86
-14
-72
-4
43
60
4
-93
-93
78
-97
47
-15
33
-83
31
63
-51
-32
-72
43
65
-8
5
39
-37
-10
-89
99
34
-26
83
-53
77
-33
-44
64
16
-56
-6
-71
-1
-49
-44
22
-89
36
77
0
-82
-99
85
88
-99
54
-100
-87
-27
66
-85
-21
2
-94
-62
59
61
66
39
-70
54
54
-86
-73
-94
27
-86
67
-51
21
33
6
-84
-74
-63
32
-15
-20
-41
-54
71
-20
-89
89
14
30
31
65
-92
-69
96
13
-42
6
36
6
47
47
-98
-88
40
-69
54
45
-50
4
-88
15
86
-47
9
37
-29
95
95
-98
22
-32
51
-4
-49
-24
66
-44
35
-27
9
-2
61
83
-47
80
-58
-66
7
-74
94
-58
-29
-26
0
-9
-39
-5
-52
-68
29
36
100
52
65
33
-91
-57
39
8
62
-95
-11
41
41
-94
44
27
-40
15
68
-84
-24
-18
-88
-61
34
-77
-60
-35
20
-40
48
85
93
-86
-51
41
-51
39
61
-50
27
-53
-7
82
-10
-27
59
29
-95
-34
-64
4
67
39
69
56
-34
77
59
0
-54
-24
-95
-7
49
96
-2
-75
70
24
-4
-17
44
44
87
-66
31
44
47
-80
78
-41
-77
45
99
-48
10
-64
-88
19
69
-54
-91
91
41
64
57
-83
-87
-80
97
-18
-54
-63
-95
-12
83
-87
-54
99
-100
-13
-25
-1
13
-29
100
59
-68
-99
-39
-13
-14
-43
-14
2
-52
76
27
24
-52
-84
85
0
11
43
-37
-1
14
68
-38
-64
-2
-3
76
-23
44
-83
45
-20
3
-100
62
97
26
87
46
21
74
16
-98
-1
-26
-17
-60
57
92
-57
-67
10
16
68
-97
9
-59
84
-50
-34
-90
-17
-53
-82
-26
-57
-50
83
-29
85
98
62
-99
43
46
30
-75
-49
-23
14
72
-10
28
-8
45
-72
-16
82
39
17
-9
19
30
-7
47
-38
74
57
60
-44
-2
-37
46
49
86
34
100
-47
51
5
-93
-37
2
-51
-95
-38
-65
80
85
-38
-94
-59
-5
67
-51
-76
100
29
-14
-72
8
-22
-65
34
-20
35
42
76
36
-18
58
-26
94
-56
-18
46
-65
-80
35
91
40
-77
61
-89
-94
-58
-71
17
-66
-51
-13
-23
-72
33
47
-78
25
86
29
63
-20
30
-9
21
16
7
2
-33
-75
42
-95
75
-19
11
-69
-46
60
41
-71
95
23
60
-26
0
80
96
-33
38
-62
-63
-4
35
56
7
73
-94
-54
50
-3
-68
-74
21
81
-42
-44
-51
-40
91
-9
-5
-59
58
-30
50
-42
-91
10
94
22
-48
-9
85
7
-91
74
-63
-8
-27
95
-85
56
-43
10
-61
57
-49
14
52
54
96
-13
32
76
-95
66
-65
4
21
90
68
48
13
2
-5
46
50
74
90
78
56
100
-3
-12
-23
14
-61
72
44
-45
-34
2
74
26
18
33
39
-33
-21
-87
21
-83
-70
36
-50
72
2
72
43
42
-99
69
-86
-3
53
-59
71
-75
16
5
-22
-78
-70
-78
62
-91
-43
68
-93
9
-61
-81
-32
72
44
-96
-5
-74
77
9
81
70
30
-4
87
-73
-97
9
-11
-6
-70
23
-44
-17
66
-73
61
27
-36
-22
44
78
9
-7
26
-26
11
-74
-1
-26
60
98
-64
12
-27
73
-49
3
-52
-80
-54
56
-6
50
54
72
91
5
-100
-76
73
-94
-50
40
-7
-2
-16
4
38
-9
-15
-6
-2
90
30
30
-81
-1
6
-68
32
-58
-48
13
81
65
-29
-82
64
-13
14
34
-33
8
44
11
93
0
-46
-94
20
-38
-82
-3
-51
84
-68
-2
-43
14
-83
-35
-64
-54
65
-66
-13
11
-28
-91
-83
-43
25
20
-65
-100
-29
89
-5
-22
-9
-90
52
9
-50
-17
51
-5
-26
2
-95
-17
51
48
-11
-62
-25
-78
11
29
-60
-82
-64
100
-64
90
-38
33
99
23
-12
-85
-82
-62
-72
94
-39
-94
87
26
-61
-37
75
-25
78
-59
98
-78
-7
83
96
93
-20
32
-87
45
49
-31
95
-50
-67
-55
-70
58
45
62
-75
21
96
-69
-56
27
75
-35
-68
61
70
43
-27
61
27
-86
-64
53
2
80
-50
-3
51
34
59
93
-55
-15
-23
34
30
-95
2
-75
48
-14
-77
-59
-28
-53
2
-97
-2
-82
-98
40
44
91
-87
0
-32
-86
-87
-44
-64
-36
12
-88
-14
-54
-37
70
31
-59
56
-75
51
-64
3
-84
81
-70
-58
-6
-36
-42
-24
-78
3
-55
-48
-82
-60
23
33
15
45
29
-78
-2
-48
-53
-24
-51
-89
62
-36
-2
56
72
79
93
61
93
-93
59
61
13
-76
-37
99
1
-7
-86
89
23
-99
10
-90
62
94
34
-34
47
12
12
-27
78
41
-71
6
-33
-29
34
48
-36
-83
-64
58
14
100
-60
82
24
54
67
-19
71
87
40
-29
10
82
15
2
50
-21
10
-14
69
30
-20
-15
52
-80
-69
-69
-1
-4
-76
29
-98
-87
7
76
89
28
-22
-13
-57
2
27
-65
34
94
40
-46
53
-34
-17
-69
5
-83
-85
-22
96
-6
-82
95
-82
-77
-36
-15
40
1
48
-97
-87
-90
-55
-35
-39
-19
88
11
-83
9
-4
-92
-47
71
-8
91
35
-82
-81
31
-91
-61
-38
10
-84
2
55
6
-100
-40
-37
66
47
61
-99
37
71
5
51
-65
-34
-45
96
73
-26
-68
87
37
-19
40
38
-72
-77
-52
65
-78
-78
-67
-5
-27
27
52
80
42
49
35
10
-64
-92
-2
25
-78
-1
-1
60
-23
22
-38
-61
-97
-62
-100
83
-3
56
26
11
-8
-99
-60
79
-25
93
-37
11
-71
87
88
7
95
-12
25
